-699337
-699337
-699337
-699337
-699337
-699337
-699337
-699337
-699337
-699337
-699337
-699337
-699337
-699337
-699337
-699335
-699335
-699335
-699335
-699335
-699335
-699335
-699335
-699335
-699335
-699335
-699335
-699335
-699335
-699335
-699333
-699333
-699333
-699333
-699333
-699333
-699333
-699333
-699333
-699333
-699333
-699333
-699333
-699333
-699333
-501992
-501992
-501992
-501992
-501992
-501992
-501992
-501992
-501992
-501992
-501992
-501992
-501992
-501991
-501991
-501991
-501991
-501991
-501991
-501991
-501991
-501991
-501991
-501991
-501991
-501991
-209026
-209025
-209024
-209023
-209022
-209021
-209020
-209019
-203457
-203455
-203455
-203454
-203454
-203453
-203453
-122418
-122418
-122418
-122418
-122417
-122417
-122417
-122417
-122416
-122416
-122416
-122416
-122415
-122415
-122415
-122415
-122414
-122414
-122414
-122414
-122413
-122413
-122413
-122413
-122412
-122412
-122412
-122412
-122411
-122411
-122411
-122411
-122410
-122410
-122410
-122410
-122409
-122409
-122409
-122409
-122408
-122408
-122408
-122408
-122407
-122407
-122407
-122407
-122406
-122406
-122406
-122406
-122405
-122405
-122405
-122405
-122404
-122404
-122404
-122404
-120972
-120972
-120972
-120972
-120972
-120972
-120972
-120972
-120972
-120972
-120972
-120972
-120972
-120971
-120971
-120971
-120971
-120971
-120971
-120971
-120971
-120971
-120971
-120971
-120971
-120971
-119991
-119991
-119968
-119968
-119951
-119951
-119949
-119949
-119947
-119947
-119945
-119945
-119944
-119944
-119784
-119784
-117070
-117070
-117070
-117070
-117070
-117070
-117070
-117070
-117070
-113473
-113473
-113473
-112625
-112623
-112482
-112480
-112479
-112478
-111746
-111742
-111726
-111383
-111382
-111380
-111380
-111379
-111379
-111378
-111377
-109655
-109655
-109655
-109655
-109655
-109655
-109655
-109655
-109655
-109655
-109654
-109654
-109654
-109654
-109654
-109653
-109653
-109653
-109653
-109653
-109653
-109652
-109652
-109652
-109652
-109652
-109578
-109578
-109572
-109572
-109571
-109571
-109570
-109570
-109569
-109569
-109565
-109565
-109564
-109564
-109563
-109563
-109561
-109561
-109560
-109560
-109559
-109559
-109558
-109558
-107662
-106918
-106918
-106918
-106918
-106918
-106918
-106918
-106917
-106917
-106917
-106917
-106917
-106917
-106917
-106916
-106916
-106916
-106916
-106916
-106916
-106916
-106915
-106915
-106915
-106915
-106915
-106915
-106915
-106914
-106914
-106914
-106914
-106914
-106914
-106914
-106913
-106913
-106913
-106913
-106913
-106913
-106913
-106912
-106912
-106912
-106912
-106912
-106912
-106912
-106911
-106911
-106911
-106911
-106911
-106911
-106911
-106910
-106910
-106910
-106910
-106910
-106910
-106910
-106909
-106909
-106909
-106909
-106909
-106909
-106909
-106908
-106908
-106908
-106908
-106908
-106908
-106908
-106903
-106903
-106903
-106903
-106903
-106903
-106903
-106902
-106902
-106902
-106902
-106902
-106902
-106902
-106901
-106901
-106901
-106901
-106901
-106901
-106901
-106900
-106900
-106900
-106900
-106900
-106900
-106900
-106899
-106899
-106899
-106899
-106899
-106899
-106899
-106898
-106898
-106898
-106898
-106898
-106898
-106898
-106897
-106897
-106897
-106897
-106897
-106897
-106897
-106069
-106069
-104147
-104147
-104147
-98576
-98575
-98043
-98043
-98043
-98043
-98043
-98043
-98043
-98043
-98043
-98042
-98042
-98042
-98042
-98042
-98042
-98042
-98042
-98042
-93949
-93948
-93947
-93946
-85176
-85176
-85176
-85176
-85176
-85176
-85176
-85175
-85175
-85175
-85175
-85175
-85175
-85175
-85118
-85118
-85118
-85118
-85118
-85098
-85098
-85098
-85098
-85098
-82906
-82906
-82906
-82906
-82906
-82906
-82906
-82906
-82906
-82906
-82906
-82906
-82906
-82906
-82906
-82903
-82903
-82903
-82903
-82903
-82903
-82903
-82903
-82903
-82903
-82903
-82903
-82903
-82903
-82903
-82874
-82874
-82874
-82874
-82874
-82874
-82874
-82874
-82874
-82874
-82874
-82874
-82874
-82874
-82874
-74091
-74055
-74038
-74037
-74031
-74030
-58451
-58450
-58449
40
40
46
60
60
79
80
94
94
94
97
113
116
116
119
225
225
225
225
225
225
225
240
295
299
299
299
324
330
471
472
472
473
473
474
474
474
474
474
474
474
474
474
474
474
474
474
474
474
474
475
476
476
476
476
476
476
476
476
476
476
476
476
476
476
476
476
478
478
524
525
525
594
594
594
594
596
596
596
596
596
596
596
596
596
596
596
596
596
596
596
599
599
599
599
599
599
599
599
599
599
599
599
599
599
599
599
619
619
619
619
619
619
619
619
619
619
619
619
619
619
623
624
625
626
732
823
881
881
881
881
881
881
881
881
881
881
881
881
881
881
881
1130
1130
1225
1423
1423
1423
1423
1423
1423
1423
1423
1642
1642
1642
1642
1642
1642
1642
1642
1726
1726
1726
1726
1726
1726
1726
1726
1726
1726
1726
1726
1726
1726
1850
1850
1922
1922
2241
2241
2242
2242
2243
2243
2245
2245
2245
2246
2246
3101
3101
3101
3101
3101
3101
3101
3101
3101
3101
3101
3101
3101
3101
3121
3121
3121
3389
3389
3389
3389
3389
3389
3389
3631
3632
3633
3634
3638
3654
3654
3654
3669
3669
3669
3669
3669
3669
3669
3669
3669
3669
3669
3669
3669
3669
3669
3669
3669
3669
3669
3670
3670
3670
3670
3670
3670
3670
3670
3670
3670
3670
3670
3670
3670
3670
3671
3671
3671
3671
3671
3671
3671
3671
3671
3671
3671
3671
3671
3671
3671
3672
3672
3672
3672
3672
3672
3672
3672
3672
3672
3672
3672
3672
3672
3672
3673
3673
3673
3673
3673
3673
3673
3673
3673
3673
3673
3673
3673
3674
3835
3840
3840
3840
3840
3840
3840
3840
3840
3840
3840
3840
3840
3840
3840
3840
3840
3840
3840
3840
3840
3840
3840
3840
4420
4420
4420
4420
4420
4421
4421
4421
4421
4421
4421
4421
4421
4421
4421
4421
4421
4421
4421
4421
4421
4421
4422
4422
4422
4422
4422
4422
4422
4422
4424
4424
4424
4427
4428
4428
4428
4428
4428
4428
4428
4428
4428
4428
4428
4436
4436
4437
4438
4438
4440
4440
4442
4442
4511
4512
4512
4514
4514
4515
4515
4516
4516
4516
4516
4516
4516
4516
4516
4516
4516
4516
4516
4516
4516
4516
4517
4517
4517
4517
4517
4517
4517
4517
4517
4517
4517
4517
4517
4517
4517
4517
4518
4518
4519
4519
4520
4520
4520
4520
4520
4520
4520
4520
4520
4520
4520
4520
4520
4520
4520
4522
4522
4523
4523
4525
4525
4530
4530
4530
4530
4530
4530
4530
4530
4530
4530
4530
4530
4530
4531
4531
4531
4531
4531
4531
4531
4531
4531
4531
4531
4531
4531
4531
4532
4532
4532
4532
4532
4532
4532
4532
4532
4532
4532
4532
4532
4532
4535
4539
4541
4623
4623
4623
4799
4799
4799
4799
4799
4799
4799
4799
4799
4799
4805
4805
4805
4805
4805
4807
4809
4809
4810
4810
4810
4811
4811
4811
4811
4811
4811
4811
4811
4811
4811
4811
4811
4811
4811
4811
4812
4812
4813
4813
4813
4813
4813
4813
4813
4813
4813
4813
4813
4813
4813
4813
4813
4813
4814
4814
4814
4814
4815
4818
4819
4820
4820
4820
4820
4820
4820
4820
4820
4820
4820
4820
4820
4820
4820
4820
4825
4827
4829
4829
4829
4831
4831
4831
4831
4831
4831
4831
4831
4831
4831
4831
4831
4832
4832
4832
4832
4832
4842
4842
4842
4842
4842
4842
4842
4842
4842
4842
4842
4842
4845
4847
4848
4848
4849
4849
4850
4850
4852
4852
4853
4853
4853
4853
4853
4853
4853
4853
4853
4853
4853
4853
4853
4853
4853
4854
4854
4854
4854
4854
4854
4854
4854
4854
4854
4854
4854
4854
4854
4855
4855
4855
4857
4857
4860
4861
4887
4978
5048
5053
5055
5225
5243
5243
5243
5261
5263
5269
5269
5269
5269
5269
5269
5269
5269
5269
5269
5269
5269
5269
5269
5269
5271
5271
5271
5273
5273
5273
5273
5273
5273
5273
5273
5273
5273
5273
5273
5273
5273
5273
5273
5273
5273
5277
5280
5280
5280
5280
5280
5280
5280
5280
5280
5283
5283
5291
5291
5291
5648
5648
5648
5648
5648
5648
5648
5648
5648
5648
5648
5648
5648
5648
5648
5648
5648
5649
5649
5649
5650
5650
5650
5650
5709
5709
5709
5709
5709
5710
5710
5710
5710
5710
5710
5710
5710
5710
5711
5711
5711
5711
5711
5711
5711
5711
5711
5711
5711
5711
5719
5719
5720
5720
5721
5721
5722
5722
5755
5756
5756
5756
5756
5756
5756
5756
5756
5761
5775
6035
6035
6123
6138
6138
6138
6138
6168
6168
6168
6168
6168
6168
6168
6168
6168
6168
6168
6172
6172
6172
6172
6177
6177
6177
6177
6206
6211
6212
6218
6218
6218
6219
6220
6220
6222
6222
6222
6222
6222
6222
6222
6222
6222
6222
6222
6222
6223
6223
6223
6223
6223
6223
6223
6223
6223
6224
6224
6224
6224
6224
6224
6224
6224
6224
6224
6224
6224
6225
6225
6225
6225
6225
6225
6225
6225
6226
6226
6227
6227
6228
6228
6228
6228
6228
6228
6228
6228
6228
6228
6228
6228
6229
6229
6229
6230
6230
6232
6232
6234
6235
6235
6235
6235
6243
6329
6329
6329
6329
6329
6329
6329
6374
6391
6391
6392
6392
6392
6407
6407
6407
6407
6407
6407
6407
6407
6407
6866
6866
6906
6906
6906
6906
6906
6906
6906
6906
6906
6907
6908
6910
6910
6910
6910
6910
6910
6910
6910
6910
6910
6910
6927
6927
7011
7012
7012
7022
7023
7023
7023
7023
7023
7023
7023
7023
7023
7025
7025
7030
7030
7036
7036
7039
7039
7040
7040
7078
7079
7175
7175
7206
7209
7246
7246
7246
7246
7246
7246
7246
7246
7246
7246
7246
7246
7246
7246
7247
7247
7247
7247
7267
7267
7267
7267
7267
7267
7267
7267
7268
7268
7269
7271
7271
7271
7271
7271
7271
7271
7271
7271
7271
7271
7271
7271
7271
7271
7271
7272
7272
7273
7273
7273
7274
7274
7274
7275
7275
7275
7275
7275
7275
7275
7275
7275
7275
7275
7275
7275
7275
7276
7290
7290
7290
7290
7290
7290
7290
7290
7290
7290
7290
7290
7290
7291
7291
7291
7291
7320
7320
7320
7321
7327
7327
7327
7328
7328
7328
7329
7329
7329
7332
7332
7332
7332
7332
7332
7332
7332
7332
7332
7332
7335
7335
7335
7335
7335
7335
7335
7335
7335
7335
7335
7335
7337
7337
7337
7337
7337
7337
7337
7337
7337
7337
7337
7337
7337
7340
7340
7340
7340
7340
7340
7340
7340
7340
7340
7340
7341
7341
7341
7341
7341
7341
7341
7341
7341
7341
7341
7342
7342
7342
7342
7342
7342
7342
7342
7342
7342
7342
7342
7344
7345
7345
7346
7347
7347
7348
7348
7352
7352
7353
7353
7354
7354
7354
7354
7354
7354
7354
7354
7354
7354
7354
7354
7354
7355
7355
7355
7356
7356
7357
7357
7357
7357
7357
7357
7357
7357
7357
7357
7357
7370
7370
7371
7372
7372
7372
7372
7372
7372
7372
7372
7372
7372
7372
7372
7372
7372
7372
7372
7376
7379
7379
7379
7379
7379
7379
7379
7379
7379
7379
7379
7379
7379
7379
7379
7379
7379
7379
7396
7397
7397
7399
7405
7738
7795
7795
7795
7795
7795
7795
7795
7795
7795
7795
7795
7795
7796
7797
7797
7800
7800
7800
7800
7800
7800
7800
7800
7800
7800
7800
7849
7849
7849
7849
7849
7849
7872
7872
7872
7872
7872
7872
7872
7872
7872
7872
7872
7873
7873
8035
8035
8035
8035
8035
8095
8120
8127
8127
8127
8127
8127
8127
8127
8127
8127
8127
8127
8156
8336
8336
8567
8567
8567
8567
8567
8876
8876
8876
8876
8876
8876
8876
8876
8876
8876
8876
8876
8876
8876
8876
8876
8876
8877
8877
8889
8889
8890
8890
8891
8891
8891
8892
8892
8893
8893
8893
8894
8894
8894
8894
8894
8895
8895
8895
8895
8895
8895
8895
8895
8895
8895
8895
8895
8895
8895
8895
8895
8896
8896
8896
8896
8896
8896
8896
8896
8896
8896
8896
8896
8896
8896
8896
8897
8897
8898
8898
8898
8899
8899
8899
8899
8899
8899
8899
8899
8899
8899
8899
8899
8899
8899
8899
8899
8899
8900
8900
8900
8900
8900
8900
8900
8900
8900
8900
8900
8900
8900
8900
8900
8901
8901
8901
8901
8901
8901
8901
8901
8901
8901
8901
8901
8901
8901
8901
8902
8902
8902
8902
8903
8903
8903
8903
8904
8904
8904
8904
8904
8904
8904
8904
8904
8904
8904
8904
8904
8904
8904
8905
8906
8906
8906
8907
8907
8908
8909
8909
8909
8909
8909
8909
8909
8909
8909
8909
8910
8910
8910
8911
8912
8913
8913
8913
8913
8913
8913
8913
8913
8913
8913
8913
8913
8913
8913
8913
8913
8913
8914
8914
8914
8915
8915
8915
8915
8915
8916
8920
8920
8920
8920
8920
8920
8920
8920
8920
8920
8920
8920
8920
8920
8920
8921
8921
8922
8922
8923
8925
8925
8925
8926
8926
8926
8927
8927
8928
8928
8928
8928
8928
8928
8928
8928
8928
8928
8932
8932
8933
8933
8933
8983
8983
8983
8983
9016
9016
9016
9016
9017
9017
9017
9017
9024
9024
9024
9024
9025
9025
9025
9029
9029
9029
9030
9030
9030
9030
9030
9030
9030
9030
9030
9030
9030
9030
9030
9032
9032
9032
9034
9034
9034
9034
9034
9034
9034
9034
9034
9034
9034
9034
9035
9035
9035
9035
9036
9036
9036
9038
9038
9038
9038
9038
9038
9038
9038
9038
9038
9038
9038
9038
9038
9038
9040
9040
9040
9040
9040
9041
9041
9041
9041
9041
9041
9041
9041
9041
9041
9041
9041
9041
9042
9042
9042
9056
9056
9056
9056
9056
9178
9319
9319
9319
9437
9437
9437
9437
9437
9437
9437
9437
9437
9437
9437
9438
9438
9438
9438
9438
9438
9438
9438
9438
9438
9438
9439
9439
9439
9439
9439
9439
9439
9439
9439
9439
9439
9441
9441
9441
9441
9441
9441
9441
9441
9441
9441
9441
9442
9442
9442
9442
9442
9442
9442
9442
9442
9442
9442
9445
9456
9456
9456
9456
9457
9457
9457
9458
9458
9458
9458
9476
9476
9499
9499
9499
9499
9499
9499
9499
9499
9499
9499
9499
9499
9499
9499
9523
9523
9523
9524
9524
9524
9524
9524
9537
9537
9541
9541
9543
9543
9545
9545
9547
9547
9547
9547
9547
9547
9547
9547
9547
9547
9547
9547
9547
9547
9547
9547
9554
9554
9559
9956
9956
9956
9956
9956
9956
9956
9956
9956
9956
9956
9956
9956
9956
9956
10043
10043
10043
10080
10080
10080
10081
10081
10082
10082
10082
10082
10082
10082
10082
10082
10082
10082
10433
10433
10433
10433
10433
10433
10469
10469
10469
10469
10469
10469
10469
10469
10469
10469
10469
10469
10470
10470
10470
10470
10470
10470
10470
10470
10470
10470
10470
10470
10471
10471
10471
10471
10472
10472
10472
10476
10476
10476
10476
10476
10476
10476
10476
10476
10476
10476
10476
10477
10477
10477
10480
10481
10485
10486
10486
10486
10486
10487
10487
10487
10488
10488
10488
10488
10491
10491
10491
10495
10495
10498
10498
10499
10500
10500
10500
10678
11257
11257
11257
11318
11319
11319
11319
11319
11319
11319
11319
11319
11319
11319
11319
11319
11319
11319
11319
11320
11321
11322
11322
11322
11323
11323
11323
11324
11324
11324
11324
11324
11324
11324
11324
11324
11324
11324
11324
11324
11324
11324
11517
11518
11518
11519
11520
11520
11551
11551
11582
11582
11582
11582
11598
11598
11598
11598
11622
11622
11622
11685
11685
11686
11686
11686
11686
11686
11686
11686
11686
11686
11686
11687
11688
11748
11778
11778
11781
11782
11782
11782
11782
11782
11782
11782
11782
11782
11783
11784
11784
11788
11788
11788
11788
11788
11788
11788
11788
11790
11790
11790
11791
11791
11791
11791
11792
11792
11792
11792
11792
11793
11793
11793
11793
11793
11793
11793
11793
11793
11793
11793
11793
11793
11793
11794
11794
11794
11794
11794
11794
11794
11794
11794
11832
11832
11832
12129
12129
12129
12129
12129
12129
12206
12206
12206
12206
12206
12206
12206
12206
12206
12207
12207
12207
12216
12216
12216
12216
12216
12216
12216
12216
12217
12217
12218
12218
12219
12220
12221
12223
12224
12224
12236
12236
12236
12236
12236
12236
12236
12236
12236
12236
12236
12237
12237
12258
12258
12377
12377
12378
12378
12378
12378
12378
12378
12378
12378
12378
12378
12378
12379
12379
12379
12380
12380
12736
12876
12876
12876
12876
12876
12876
12876
12876
12876
12876
12876
12902
12902
12902
12902
12902
12902
12902
12902
12902
12902
12902
12902
12922
12922
12922
12922
12922
12922
12922
12922
12922
12922
13141
13141
13142
13142
13323
13533
13596
13596
13601
13601
13601
13601
13601
13601
13601
13601
13601
13601
13601
13601
14445
14445
14688
14688
14861
14861
14861
15262
15262
15262
15262
15273
15274
15294
15298
15367
15367
15407
15407
15409
15416
15416
15416
15416
15416
15416
15416
15416
15416
15416
15637
15641
15641
15641
15641
15641
15641
15641
15641
15641
15641
15641
15641
15642
15643
15643
15645
15647
15648
15648
15651
15651
15651
15654
15657
15657
15658
15668
15669
15669
15670
15670
15872
15873
15874
15879
15880
15882
15937
15937
15937
15938
15938
15938
15938
15938
15938
15938
15938
15950
15950
15950
15950
15950
15950
15950
15950
15950
15950
15950
15950
15950
15950
15950
15965
15966
15970
15970
15970
15970
15970
15970
15970
15970
15970
15970
16162
16162
16198
16198
16204
16204
16204
16204
16204
16204
16204
16204
16204
16204
16204
16204
16204
16204
16206
16206
16208
16208
16209
16209
16245
16245
16245
16246
16246
16247
16247
16248
16249
16249
16249
16249
16249
16249
16249
16249
16249
16249
16249
16250
16250
16286
16292
16294
16300
16301
16302
16303
16304
16305
16305
16307
16307
16307
16307
16307
16307
16307
16307
16307
16307
16308
16308
16308
16308
16308
16308
16308
16308
16308
16308
16308
16309
16309
16310
16310
16311
16311
16311
16311
16311
16311
16311
16311
16311
16311
16313
16313
16313
16314
16314
16314
16314
16314
16314
16314
16314
16314
16314
16315
16315
16316
16317
16317
16317
16317
16317
16317
16317
16317
16317
16317
16317
16317
16317
16317
16317
16317
16318
16318
16318
16318
16318
16318
16318
16318
16318
16318
16318
16318
16318
16318
16318
16318
16320
16320
16321
16322
16323
16323
16325
16326
16327
16328
16328
16329
16329
16329
16329
16329
16329
16329
16329
16329
16329
16329
16329
16329
16329
16330
16330
16331
16331
16332
16332
16332
16332
16332
16332
16332
16332
16332
16332
16332
16332
16332
16333
16333
16335
16337
16337
16337
16337
16337
16337
16337
16337
16337
16337
16337
16337
16337
16337
16337
16339
16340
16341
16342
16343
16344
16344
16344
16344
16344
16344
16344
16344
16344
16344
16344
16344
16345
16345
16346
16346
16349
16350
16351
16352
16354
16354
16355
16357
16357
16357
16357
16358
16358
16358
16358
16358
16358
16358
16358
16358
16358
16358
16358
16362
16362
16362
16362
16362
16362
16362
16362
16362
16362
16403
16403
16403
16403
16403
16403
16403
16403
16403
16469
16469
16518
16570
17116
17210
17210
17240
17440
18714
18714
18714
18715
18715
18715
18716
18717
18719
18930
19401
19401
19401
19401
19882
20561
20561
21117
21117
21117
21117
21170
21170
21170
21170
21170
21170
21170
21170
21170
21173
21173
21173
21173
21182
21182
21182
21223
21233
21233
22062
22062
22062
22062
22062
22062
22062
22062
22062
22062
22062
22062
22138
22401
22401
22401
22402
22402
22402
22403
22403
22403
22404
22404
22404
22404
22404
22404
22404
22404
22404
22405
22405
22405
22405
22405
22405
22405
22405
22405
22406
22406
22406
22406
22406
22406
22406
22461
22461
23486
23486
23564
23564
23564
23564
23564
23643
23644
23645
23651
23651
23651
23651
23652
23652
23652
23652
23652
23652
23652
23652
23652
23653
23653
23653
23653
23653
23653
23653
23653
23653
23653
23654
23655
23656
23656
23657
23657
23657
23657
23657
23657
23657
23657
23657
23657
23657
23657
23658
23658
23658
23658
23658
23658
23658
23658
23658
23658
23658
23660
23660
23662
23662
23662
23662
23662
23662
23662
23662
23662
23663
23665
23667
23667
23667
23667
23667
23667
23667
23667
23667
23667
23667
23667
23667
23667
23668
23668
23668
23668
23668
23668
23668
23668
23668
23668
23668
23668
23669
23669
23669
23669
23669
23669
23669
23669
23669
23669
23670
23670
23670
23670
23670
23670
23670
23670
23670
23670
23670
23670
23671
23671
23671
23671
23671
23671
23672
23673
23673
23674
23674
23674
23674
23674
23674
23674
23674
23674
23674
23674
23675
23676
23678
23678
23678
23678
23678
23678
23678
23678
23678
23678
23678
23678
23678
23678
23678
23678
23678
23678
23678
23680
23680
23680
23688
23689
23689
23690
23691
23691
23711
23725
23725
23725
23739
23739
23739
23739
23739
23739
23739
23739
23739
23739
23740
23744
23745
23745
23745
23745
23745
23745
23745
23745
23750
23760
23760
23760
23760
23760
23760
23760
23760
23760
23760
23763
23772
23778
23779
23779
23779
23779
23779
23779
23779
23779
23784
23793
23793
23794
23794
23794
23794
23794
23794
23794
23794
23794
23794
23794
23794
23794
23794
23794
23794
23796
23796
23801
23832
23842
23842
23842
23842
23842
23842
23842
23842
23842
23844
23844
23844
23844
23844
23844
23844
23844
23844
23859
23859
23859
23859
23859
23861
23865
23865
23866
23866
23870
23870
23871
23871
23874
23874
23875
23875
23875
23875
23875
23875
23875
23875
23875
23875
23876
23876
23882
23883
23883
23883
23883
23883
23883
23883
23883
23883
23886
23887
23888
23919
23931
23931
23931
23931
23931
23931
23931
23931
23931
23931
23931
23931
23932
23932
23932
23932
23932
23932
23932
23932
23940
23940
23940
23940
23945
23946
23946
23946
23946
23946
23946
23946
23946
23946
23946
23946
23946
23946
23946
23956
23956
23956
23956
23956
23956
23956
23956
23956
23956
23956
23956
23956
23956
23956
23956
23956
23956
23956
23956
23956
23956
23956
23956
23956
23956
23956
23959
23959
23960
23960
23960
23960
23961
23961
23961
23961
23962
23962
23962
23963
23963
23964
23964
23964
23967
23967
23975
23975
23975
23975
23975
23975
23982
23983
23983
23983
23983
23983
23983
23983
23983
23983
23983
23983
23983
23989
23990
23990
23990
23990
23990
23990
23990
23990
23990
23990
23990
23990
23991
23991
23992
23992
23992
23993
23993
23993
23993
23993
23993
23993
23993
23993
23993
23993
23993
23994
24014
24014
24014
24014
24014
24014
24014
24014
24014
24014
24014
24014
24014
24014
24014
24014
24015
24015
24015
24016
24018
24018
24018
24019
24019
24023
24023
24023
24023
24023
24023
24023
24023
24023
24023
24023
24023
24026
24027
24029
24029
24029
24029
24029
24029
24029
24029
24029
24029
24029
24029
24029
24030
24030
24030
24030
24030
24030
24030
24030
24030
24030
24031
24031
24031
24031
24031
24031
24031
24031
24048
24050
24050
24050
24050
24050
24050
24050
24050
24050
24050
24051
24051
24051
24051
24051
24051
24051
24051
24063
24069
24069
24069
24071
24071
24071
24071
24071
24071
24071
24071
24071
24071
24071
24071
24071
24071
24071
24071
24071
24071
24071
24071
24071
24071
24071
24071
24071
24071
24071
24071
24073
24078
24078
24078
24078
24080
24080
24080
24082
24082
24082
24082
24082
24082
24082
24082
24082
24082
24082
24082
24082
24082
24082
24082
24082
24082
24082
24082
24082
24082
24082
24082
24082
24082
24082
24082
24083
24083
24083
24083
24083
24084
24084
24085
24085
24085
24085
24085
24085
24116
24116
24116
24128
24137
24160
24161
24161
24162
24169
24169
24172
24173
24178
24186
24186
24186
24186
24186
24186
24186
24186
24186
24186
24195
24195
24195
24195
24195
24195
24195
24195
24197
24197
24197
24197
24197
24197
24197
24197
24197
24198
24198
24198
24198
24199
24199
24199
24212
24212
24213
24213
24214
24214
24215
24215
24215
24215
24216
24228
24229
24238
24238
24238
24249
24249
24250
24250
24253
24253
24254
24254
24254
24254
24254
24254
24254
24254
24254
24254
24254
24254
24254
24254
24254
24255
24255
24255
24255
24255
24255
24255
24255
24255
24255
24255
24255
24255
24255
24255
24262
24271
24277
24277
24277
24279
24287
24316
24317
24317
24317
24317
24317
24317
24317
24317
24334
24334
24340
24371
24371
24398
24398
24398
24398
24398
24398
24398
24398
24398
24398
24398
24398
24399
24399
24400
24400
24400
24400
24400
24400
24400
24400
24400
24400
24400
24400
24400
24400
24440
24440
24440
24440
24440
24440
24440
24440
24458
24458
24459
24459
24460
24460
24460
24460
24460
24460
24460
24460
24460
24460
24460
24460
24460
24461
24461
24461
24461
24461
24461
24461
24461
24461
24461
24461
24461
24461
24461
24461
24461
24468
24468
24468
24468
24469
24469
24474
24474
24474
24474
24474
24474
24474
24474
24474
24475
24478
24485
24485
24500
24510
24510
24510
24510
24514
24514
24516
24517
24518
24518
24528
24531
24531
24531
24532
24532
24532
24533
24534
24534
24534
24534
24534
24534
24534
24539
24539
24539
24540
24540
24540
24540
24540
24540
24540
24540
24540
24540
24540
24540
24540
24540
24540
24540
24546
24546
24546
24547
24547
24563
24566
24567
24601
24613
24614
24633
24635
24635
24635
24635
24635
24635
24635
24635
24635
24635
24638
24638
24638
24638
24638
24638
24638
24638
24638
24638
24644
24644
24644
24644
24644
24644
24644
24644
24644
24644
24644
24657
24657
24673
24676
24677
24681
24713
24742
24746
24752
24752
24770
24770
24779
24779
24779
24779
24779
24779
24779
24779
24789
24790
24790
24791
24795
24795
24797
24812
24812
24812
24830
24830
24849
24849
24849
24849
24849
24849
24849
24849
24849
24849
24849
24849
24849
24849
24849
24849
24849
24849
24849
24849
24849
24849
24849
24849
24849
24849
24849
24849
24871
24899
24899
24901
24911
24911
24911
24911
24911
24911
24911
24911
24938
24938
24938
24938
24938
24938
24938
24938
24938
24954
24957
24957
24960
24960
24960
24960
24960
24966
24966
24966
24966
24966
24966
24972
24972
24972
24972
24972
24976
24976
24976
24976
24976
24978
24978
24978
24978
24978
24978
24978
24978
24978
24978
24978
24978
24978
24978
24978
24978
24978
24979
24979
24979
24979
24979
24979
24979
24979
24979
24979
24994
24999
24999
24999
24999
24999
24999
24999
24999
24999
24999
25001
25001
25002
25002
25003
25003
25026
25031
25031
25031
25033
25060
25060
25063
25073
25073
25073
25073
25073
25073
25073
25073
25073
25073
25073
25073
25073
25073
25073
25073
25073
25087
25171
25171
25203
25204
25209
25209
25215
25216
25216
25216
25216
25216
25216
25216
25216
25216
25216
25216
25216
25216
25216
25216
25217
25224
25226
25226
25226
25226
25226
25226
25226
25226
25226
25226
25226
25227
25239
25239
25239
25242
25242
25242
25242
25242
25242
25242
25242
25242
25242
25243
25243
25243
25243
25243
25243
25243
25243
25243
25243
25244
25244
25244
25244
25244
25244
25244
25244
25244
25244
25256
25256
25256
25256
25256
25264
25264
25281
25282
25294
25301
25301
25301
25311
25311
25311
25311
25311
25311
25311
25311
25316
25316
25316
25316
25316
25316
25316
25316
25316
25316
25316
25321
25321
25322
25322
25335
25335
25338
25350
25350
25351
25351
25351
25351
25351
25351
25351
25351
25351
25351
25351
25353
25359
25359
25359
25359
25378
25378
25378
25378
25378
25378
25378
25378
25378
25378
25378
25383
25383
25386
25387
25392
25393
25396
25396
25396
25396
25396
25396
25396
25396
25396
25396
25415
25415
25415
25417
25418
25419
25427
25427
25427
25427
25427
25427
25427
25427
25427
25427
25427
25427
25428
25428
25428
25429
25429
25429
25430
25430
25432
25432
25434
25434
25439
25439
25439
25439
25439
25439
25439
25439
25439
25439
25445
25446
25446
25446
25446
25448
25448
25448
25451
25451
25452
25453
25453
25453
25464
25464
25467
25467
25467
25468
25468
25470
25470
25470
25470
25470
25470
25470
25470
25470
25470
25470
25470
25470
25470
25470
25470
25470
25477
25477
25477
25477
25477
25477
25479
25479
25481
25487
25489
25489
25496
25498
25498
25514
25514
25520
25520
25520
25520
25520
25520
25520
25520
25520
25520
25520
25522
25522
25522
25522
25522
25522
25522
25522
25522
25523
25523
25582
25582
25582
25582
25582
25582
25582
25582
25582
25582
25590
25590
25596
25600
25609
25609
25611
25613
25613
25615
25619
25619
25622
25623
25650
25651
25651
25651
25651
25651
25651
25651
25651
25651
25651
25651
25651
25655
25660
25664
25665
25666
25675
25680
25682
25684
25685
25686
25687
25699
25700
25701
25707
25709
25712
25712
25713
25715
25716
25717
25717
25719
25719
25719
25719
25719
25719
25719
25719
25719
25719
25719
25720
25720
25720
25720
25720
25720
25720
25720
25720
25720
25720
25720
25721
25722
25722
25722
25722
25722
25722
25722
25722
25722
25722
25725
25728
25743
25743
25743
25748
25750
25752
25753
25753
25758
25758
25758
25758
25758
25758
25758
25758
25758
25764
25764
25764
25764
25764
25764
25764
25764
25765
25765
25765
25765
25765
25765
25766
25766
25766
25766
25766
25766
25774
25783
25783
25783
25783
25783
25789
25789
25791
25792
25793
25800
25800
25800
25800
25800
25800
25800
25800
25800
25801
25801
25801
25801
25801
25801
25801
25801
25803
25803
25803
25804
25804
25806
25806
25829
25836
25836
25839
25841
25841
25841
25841
25841
25841
25843
25880
25979
25981
25981
26045
26045
26045
26045
26045
26045
26045
26045
26045
26045
26045
26073
26073
26076
26076
26083
26103
26103
26115
26115
26126
26127
26127
26127
26157
26157
26157
26157
26157
26157
26157
26157
26157
26174
26196
26196
26196
26198
26198
26198
26198
26198
26198
26198
26198
26198
26198
26198
26198
26198
26199
26199
26201
26201
26201
26202
26205
26205
26205
26205
26232
26232
26232
26232
26232
26232
26232
26232
26232
26232
26232
26252
26252
26253
26253
26253
26253
26257
26266
26266
26268
26271
26272
26276
26276
26276
26276
26276
26276
26276
26276
26276
26277
26277
26280
26280
26280
26280
26281
26283
26284
26287
26291
26291
26293
26295
26295
26295
26295
26295
26295
26295
26295
26316
26319
26319
26319
26319
26319
26319
26319
26319
26319
26319
26319
26319
26319
26319
26319
26319
26322
26333
26333
26334
26334
26336
26336
26336
26336
26336
26336
26336
26336
26336
26336
26343
26344
26347
26348
26348
26349
26349
26349
26349
26349
26349
26349
26349
26349
26349
26349
26349
26356
26356
26356
26356
26356
26356
26356
26356
26356
26356
26356
26356
26356
26356
26357
26357
26357
26357
26358
26359
26360
26360
26360
26363
26366
26369
26370
26370
26370
26370
26370
26370
26370
26370
26389
26389
26389
26389
26389
26389
26389
26389
26389
26389
26389
26389
26389
26392
26392
26392
26392
26392
26392
26402
26405
26405
26405
26406
26407
26408
26408
26408
26408
26408
26409
26411
26413
26413
26413
26413
26413
26413
26413
26413
26413
26413
26413
26414
26414
26414
26414
26414
26414
26414
26414
26414
26414
26414
26417
26417
26418
26421
26423
26423
26425
26426
26428
26428
26428
26428
26428
26428
26428
26428
26428
26428
26428
26428
26428
26428
26428
26428
26434
26434
26434
26434
26434
26434
26434
26434
26434
26434
26434
26434
26434
26434
26434
26436
26436
26436
26446
26447
26447
26447
26447
26447
26447
26447
26447
26447
26447
26447
26447
26447
26447
26447
26448
26448
26448
26448
26448
26448
26448
26448
26448
26449
26451
26452
26455
26456
26457
26467
26472
26472
26472
26483
26492
26492
26493
26493
26496
26521
26544
26544
26550
26550
26550
26553
26554
26554
26554
26554
26554
26554
26554
26554
26554
26554
26554
26554
26554
26554
26554
26554
26554
26554
26554
26554
26554
26554
26554
26554
26554
26554
26554
26554
26554
26554
26554
26554
26555
26555
26555
26575
26577
26578
26578
26586
26590
26592
26599
26599
26599
26599
26599
26599
26600
26600
26600
26600
26600
26600
26600
26601
26601
26601
26601
26601
26601
26601
26601
26605
26606
26607
26607
26607
26607
26607
26607
26607
26607
26607
26615
26616
26620
26620
26621
26621
26621
26623
26623
26624
26624
26624
26624
26625
26625
26625
26626
26626
26626
26626
26626
26626
26626
26626
26626
26626
26626
26626
26626
26626
26626
26626
26626
26626
26626
26626
26626
26626
26628
26633
26633
26633
26634
26634
26634
26634
26635
26635
26636
26636
26636
26636
26636
26636
26636
26637
26637
26637
26637
26637
26637
26637
26637
26637
26637
26637
26637
26637
26637
26637
26637
26637
26637
26638
26638
26638
26639
26639
26639
26639
26639
26639
26639
26639
26639
26639
26639
26639
26639
26639
26639
26641
26643
26644
26646
26654
26654
26655
26655
26655
26655
26655
26655
26655
26655
26655
26655
26655
26663
26663
26663
26663
26663
26663
26663
26663
26663
26663
26669
26669
26669
26669
26670
26670
26670
26670
26670
26670
26670
26670
26670
26670
26670
26670
26670
26670
26670
26670
26670
26670
26670
26670
26672
26679
26679
26679
26679
26679
26679
26679
26679
26679
26679
26679
26679
26679
26679
26681
26681
26681
26681
26681
26681
26681
26681
26681
26681
26681
26681
26681
26681
26681
26681
26681
26690
26690
26691
26691
26691
26691
26691
26691
26691
26691
26691
26691
26691
26691
26691
26691
26691
26691
26691
26691
26691
26691
26691
26691
26692
26692
26692
26692
26692
26692
26692
26692
26692
26694
26694
26694
26696
26696
26696
26704
26705
26705
26705
26705
26705
26705
26705
26705
26705
26705
26705
26705
26705
26705
26705
26705
26706
26708
26708
26711
26716
26716
26716
26716
26722
26722
26722
26722
26722
26722
26722
26722
26722
26722
26722
26722
26722
26722
26722
26722
26722
26722
26722
26722
26722
26722
26727
26727
26727
26727
26727
26727
26727
26727
26727
26727
26727
26727
26727
26727
26727
26727
26727
26727
26727
26727
26727
26727
26727
26727
26727
26727
26727
26728
26728
26728
26728
26729
26729
26730
26730
26734
26734
26734
26735
26735
26735
26735
26737
26737
26737
26737
26737
26746
26762
26762
26762
26762
26762
26762
26762
26762
26762
26762
26762
26762
26762
26762
26762
26762
26769
26769
26769
26770
26770
26771
26771
26779
26779
26779
26779
26779
26779
26779
26779
26779
26779
26779
26779
26780
26780
26780
26780
26780
26780
26780
26780
26780
26780
26780
26780
26780
26780
26780
26780
26782
26782
26782
26786
26792
26792
26792
26792
26792
26793
26793
26793
26793
26793
26795
26795
26795
26795
26795
26795
26795
26795
26795
26795
26795
26795
26795
26795
26795
26795
26796
26796
26796
26796
26796
26796
26796
26796
26797
26798
26798
26798
26798
26798
26798
26798
26798
26799
26799
26799
26799
26800
26800
26800
26800
26801
26801
26801
26801
26801
26801
26801
26801
26801
26801
26801
26801
26801
26801
26801
26801
26801
26801
26801
26801
26802
26802
26802
26802
26802
26802
26802
26802
26802
26802
26802
26802
26802
26802
26802
26802
26802
26802
26802
26802
26803
26803
26803
26803
26803
26805
26805
26805
26805
26805
26806
26811
26812
26812
26812
26812
26812
26812
26812
26812
26812
26812
26812
26815
26815
26815
26815
26815
26815
26815
26815
26815
26815
26815
26815
26815
26815
26815
26816
26816
26816
26816
26816
26816
26816
26816
26816
26816
26816
26816
26816
26816
26816
26816
26816
26817
26820
26820
26823
26823
26823
26825
26825
26825
26825
26825
26825
26825
26825
26825
26825
26825
26825
26825
26825
26827
26827
26827
26827
26827
26827
26827
26827
26827
26827
26827
26827
26828
26828
26828
26828
26828
26830
26830
26830
26830
26830
26830
26836
26836
26839
26839
26839
26839
26839
26839
26839
26839
26841
26841
26841
26841
26841
26841
26841
26841
26865
26891
26891
26917
26917
26919
26919
26919
26920
26921
26921
26922
26925
26926
26926
26928
26928
26928
26928
26928
26929
26929
26929
26930
26930
26930
26930
26933
26935
26935
26935
26935
26935
26935
26935
26935
26935
26942
26942
26942
26942
26942
26942
26942
26942
26942
26942
26942
26943
26943
26943
26946
26946
26948
26965
26965
26965
26965
27002
27002
27003
27004
27004
27005
27005
27006
27007
27007
27008
27009
27009
27020
27020
27020
27024
27024
27024
27024
27033
27033
27035
27035
27035
27035
27035
27035
27035
27035
27035
27072
27072
27072
27072
27072
27072
27072
27072
27072
27072
27072
27072
27073
27073
27073
27073
27073
27073
27073
27073
27105
27105
27105
27117
27117
27117
27117
27117
27117
27117
27117
27117
27117
27117
27117
27117
27117
27118
27118
27118
27122
27122
27122
27122
27122
27122
27122
27122
27122
27122
27122
27126
27126
27126
27126
27126
27126
27126
27126
27156
27156
27156
27156
27159
27159
27159
27159
27160
27160
27160
27160
27160
27160
27160
27160
27160
27160
27160
27160
27160
27160
27161
27161
27162
27162
27162
27162
27162
27162
27162
27162
27162
27162
27162
27162
27162
27162
27177
27177
27177
27177
27178
27178
27178
27178
27178
27178
27178
27178
27178
27178
27178
27178
27191
27198
27198
27198
27198
27198
27198
27198
27202
27202
27202
27202
27202
27202
27202
27202
27202
27202
27202
27202
27202
27202
27202
27207
27209
27209
27209
27210
27210
27210
27211
27211
27220
27224
27224
27224
27224
27224
27224
27224
27224
27225
27225
27225
27225
27225
27225
27225
27225
27225
27226
27229
27232
27233
27234
27234
27234
27234
27234
27235
27235
27235
27235
27235
27236
27236
27236
27236
27236
27237
27237
27237
27237
27237
27238
27238
27244
27246
27246
27246
27246
27246
27246
27246
27246
27246
27246
27246
27246
27246
27246
27246
27247
27249
27249
27249
27259
27259
27259
27259
27259
27259
27259
27259
27259
27259
27259
27259
27259
27259
27259
27260
27260
27260
27260
27260
27260
27270
27278
27278
27279
27283
27283
27283
27283
27283
27283
27283
27283
27283
27283
27283
27284
27285
27285
27285
27285
27285
27285
27285
27285
27286
27287
27288
27288
27289
27289
27289
27289
27289
27289
27289
27289
27289
27289
27294
27316
27316
27329
27332
27333
27333
27334
27334
27335
27335
27335
27335
27335
27335
27335
27335
27335
27335
27335
27335
27342
27343
27343
27343
27351
27351
27351
27351
27351
27351
27351
27351
27351
27351
27351
27351
27351
27356
27356
27357
27357
27357
27357
27357
27357
27357
27357
27357
27357
27357
27357
27357
27357
27357
27357
27358
27360
27362
27363
27367
27367
27377
27377
27377
27377
27377
27377
27377
27377
27377
27377
27377
27377
27382
27383
27383
27383
27383
27383
27383
27383
27383
27383
27383
27383
27383
27383
27383
27390
27390
27401
27408
27410
27417
27424
27424
27424
27425
27425
27425
27431
27431
27431
27431
27431
27440
27441
27456
27456
27456
27463
27463
27463
27470
27470
27470
27482
27482
27493
27493
27493
27500
27501
27501
27508
27508
27508
27508
27508
27508
27508
27508
27508
27508
27521
27523
27531
27534
27535
27539
27539
27539
27539
27539
27539
27539
27539
27539
27539
27539
27539
27539
27539
27539
27539
27540
27540
27540
27540
27540
27540
27540
27540
27540
27540
27540
27540
27540
27540
27542
27546
27546
27546
27546
27546
27546
27546
27546
27546
27546
27546
27546
27546
27546
27547
27550
27550
27550
27550
27550
27550
27550
27550
27550
27551
27551
27552
27555
27555
27560
27560
27560
27560
27560
27560
27560
27560
27560
27560
27560
27560
27560
27564
27564
27564
27564
27564
27564
27564
27564
27564
27564
27564
27564
27564
27567
27567
27567
27570
27571
27571
27576
27576
27576
27576
27576
27576
27576
27576
27576
27576
27576
27576
27576
27578
27578
27579
27579
27580
27580
27588
27588
27588
27588
27588
27588
27588
27588
27588
27588
27588
27588
27588
27603
27603
27603
27603
27603
27603
27603
27603
27603
27603
27603
27608
27611
27615
27615
27615
27615
27615
27615
27615
27615
27615
27615
27615
27615
27615
27615
27615
27615
27627
27631
27633
27633
27633
27633
27633
27633
27633
27633
27633
27633
27633
27633
27633
27633
27633
27633
27633
27633
27635
27635
27635
27635
27635
27636
27636
27636
27636
27636
27636
27636
27636
27636
27636
27636
27636
27636
27636
27636
27636
27636
27636
27636
27636
27638
27638
27639
27639
27639
27639
27642
27642
27644
27644
27644
27644
27645
27645
27645
27645
27647
27647
27648
27648
27648
27648
27650
27650
27650
27650
27651
27651
27653
27653
27676
27676
27677
27677
27677
27677
27677
27677
27677
27677
27677
27677
27677
27677
27677
27677
27677
27677
27677
27677
27678
27678
27678
27678
27678
27680
27680
27680
27680
27680
27680
27680
27680
27680
27680
27680
27680
27680
27682
27683
27683
27683
27683
27683
27683
27685
27687
27687
27687
27687
27687
27687
27687
27687
27687
27687
27687
27687
27687
27687
27687
27691
27708
27708
27713
27713
27713
27713
27713
27713
27713
27713
27713
27713
27713
27713
27713
27715
27715
27715
27716
27716
27716
27716
27717
27717
27717
27717
27717
27717
27717
27717
27717
27717
27717
27717
27717
27718
27718
27718
27718
27725
27727
27727
27727
27727
27729
27731
27731
27731
27731
27731
27731
27731
27731
27731
27731
27732
27732
27732
27732
27732
27732
27732
27732
27732
27732
27732
27732
27732
27732
27732
27732
27732
27732
27732
27732
27732
27734
27734
27736
27736
27742
27742
27742
27743
27743
27743
27744
27744
27744
27744
27745
27745
27747
27747
27747
27747
27747
27747
27747
27747
27747
27747
27747
27748
27749
27749
27749
27749
27749
27749
27749
27749
27749
27749
27749
27749
27749
27751
27751
27751
27755
27758
27759
27762
27762
27762
27762
27762
27762
27762
27762
27762
27762
27762
27762
27762
27762
27791
27791
27791
27791
27791
27791
27791
27791
27791
27791
27791
27791
27791
27797
27799
27800
27805
27805
27805
27805
27805
27805
27805
27805
27805
27805
27805
27808
27808
27823
27824
27824
27826
27826
27826
27826
27826
27826
27826
27826
27826
27826
27826
27830
27836
27842
27842
27842
27843
27843
27843
27843
27843
27843
27843
27843
27844
27844
27844
27844
27844
27844
27844
27844
27846
27846
27857
27857
27857
27857
27857
27857
27857
27857
27858
27860
27860
27871
27871
27871
27898
27898
27898
27898
27898
27898
27898
27898
27898
27898
27898
27900
27926
27926
27927
27941
27947
27947
27947
27947
27949
27949
27949
27949
27951
27953
27953
27953
27953
27953
27953
27953
27953
27953
27953
27953
27953
27960
27960
27960
27961
27961
27962
27962
27962
27962
27962
27962
27962
27962
27962
27962
27962
27962
27962
27962
27962
27962
27962
27962
27962
27962
27962
27962
27962
27962
27962
27962
27963
27963
27963
27963
27963
27963
27963
27963
27963
27963
27963
27963
27963
27963
27963
27963
27963
27963
27963
27963
27963
27963
27963
27964
27964
27964
27965
27965
27965
27965
27965
27965
27965
27965
27965
27965
27965
27965
27965
27965
27965
27965
27965
27965
27965
27965
27965
27966
27966
27966
27969
27969
27969
27970
27970
27970
27971
27971
27971
27971
27971
27971
27972
27972
27972
27972
27979
27979
27982
27982
27983
27983
27984
27984
27984
27984
27984
27984
27984
27984
27984
27984
27984
27984
27984
27984
27984
27984
27984
27984
27984
27984
27984
27984
27985
27985
27985
27990
27990
28001
28002
28002
28003
28004
28005
28005
28005
28005
28005
28005
28005
28005
28005
28006
28006
28006
28009
28009
28011
28018
28018
28022
28023
28023
28024
28025
28025
28027
28028
28028
28028
28028
28029
28029
28029
28029
28034
28034
28034
28034
28034
28034
28034
28034
28034
28034
28034
28034
28034
28034
28035
28035
28035
28036
28036
28041
28048
28048
28066
28068
28068
28068
28068
28068
28068
28069
28076
28076
28078
28078
28078
28079
28079
28079
28079
28079
28079
28079
28079
28079
28079
28079
28079
28079
28080
28081
28081
28081
28081
28081
28081
28081
28081
28082
28082
28082
28082
28082
28082
28082
28082
28082
28082
28082
28083
28083
28083
28083
28083
28083
28083
28083
28083
28083
28083
28083
28083
28086
28086
28087
28087
28087
28095
28095
28095
28096
28097
28097
28101
28103
28103
28103
28105
28105
28105
28105
28108
28109
28110
28111
28111
28111
28111
28112
28112
28118
28118
28118
28118
28118
28118
28118
28118
28118
28123
28124
28124
28128
28128
28128
28128
28138
28138
28138
28138
28138
28138
28138
28138
28138
28138
28138
28145
28145
28145
28145
28145
28145
28145
28145
28145
28145
28153
28153
28153
28153
28153
28153
28153
28153
28153
28153
28153
28153
28153
28153
28153
28153
28153
28153
28153
28153
28153
28158
28170
28178
28181
28186
28188
28188
28200
28200
28200
28200
28200
28200
28200
28200
28200
28200
28200
28200
28200
28200
28200
28200
28200
28200
28200
28200
28200
28200
28200
28200
28201
28201
28203
28212
28212
28212
28213
28213
28231
28231
28231
28233
28246
28249
28249
28255
28255
28255
28257
28257
28258
28258
28268
28276
28276
28288
28297
28303
28303
28303
28303
28303
28303
28303
28303
28303
28303
28303
28303
28303
28303
28303
28323
28325
28340
28340
28340
28340
28340
28340
28341
28341
28341
28341
28342
28342
28342
28342
28342
28342
28342
28342
28342
28358
28358
28368
28368
28368
28368
28368
28368
28368
28368
28368
28368
28368
28368
28368
28368
28368
28368
28368
28368
28368
28368
28368
28368
28371
28373
28378
28378
28379
28380
28380
28384
28384
28384
28384
28384
28384
28384
28384
28384
28384
28387
28388
28388
28388
28388
28388
28388
28388
28388
28388
28388
28388
28388
28388
28403
28403
28403
28403
28403
28403
28403
28403
28403
28403
28403
28403
28403
28403
28403
28404
28404
28404
28404
28406
28406
28406
28406
28410
28410
28410
28410
28410
28410
28410
28410
28410
28410
28410
28410
28410
28410
28410
28410
28411
28412
28412
28412
28412
28412
28412
28412
28412
28412
28412
28412
28416
28416
28417
28417
28417
28417
28417
28417
28417
28417
28417
28417
28417
28417
28417
28417
28417
28417
28418
28418
28418
28419
28442
28442
28443
28443
28451
28451
28451
28451
28451
28451
28451
28451
28452
28452
28452
28452
28452
28452
28465
28465
28465
28467
28467
28471
28471
28471
28471
28471
28471
28471
28474
28474
28474
28474
28474
28474
28477
28477
28488
28488
28488
28488
28488
28488
28488
28488
28488
28488
28490
28490
28490
28490
28494
28494
28494
28495
28495
28495
28495
28495
28495
28495
28495
28495
28495
28495
28495
28495
28496
28496
28496
28504
28504
28519
28519
28538
28547
28547
28547
28547
28547
28547
28547
28547
28547
28547
28547
28547
28547
28547
28547
28547
28547
28547
28547
28547
28547
28557
28557
28557
28557
28557
28557
28557
28557
28557
28557
28557
28557
28557
28557
28557
28559
28559
28559
28559
28559
28559
28559
28559
28559
28559
28559
28559
28559
28559
28559
28559
28559
28559
28559
28559
28559
28559
28559
28559
28559
28559
28559
28559
28559
28559
28560
28560
28560
28560
28560
28560
28560
28560
28560
28560
28560
28560
28560
28560
28560
28560
28560
28560
28560
28560
28560
28560
28560
28560
28560
28560
28560
28560
28560
28560
28564
28565
28565
28575
28575
28575
28575
28575
28575
28575
28575
28575
28575
28576
28576
28576
28576
28576
28576
28576
28576
28576
28576
28576
28576
28576
28576
28576
28576
28576
28576
28577
28577
28577
28577
28577
28577
28577
28577
28577
28577
28577
28577
28577
28577
28577
28577
28577
28577
28578
28578
28578
28579
28579
28579
28579
28579
28579
28579
28579
28579
28579
28579
28579
28579
28579
28579
28579
28579
28579
28580
28580
28580
28580
28580
28580
28580
28580
28580
28580
28580
28580
28580
28580
28580
28580
28580
28580
28580
28580
28580
28581
28581
28581
28582
28582
28582
28583
28583
28584
28584
28584
28584
28585
28585
28585
28585
28597
28608
28608
28608
28608
28608
28608
28608
28608
28608
28608
28608
28608
28608
28609
28609
28609
28610
28610
28610
28610
28610
28610
28610
28610
28610
28610
28610
28611
28611
28611
28636
28636
28636
28659
28659
28659
28659
28659
28659
28659
28659
28659
28659
28659
28659
28659
28659
28671
28671
28682
28682
28682
28682
28682
28682
28682
28705
28705
28705
28705
28705
28709
28733
28733
28733
28733
28733
28733
28733
28733
28733
28733
28733
28733
28733
28733
28733
28733
28733
28733
28733
28733
28733
28733
28733
28733
28733
28733
28733
28733
28733
28733
28734
28745
28745
28747
28747
28747
28747
28747
28747
28747
28748
28752
28752
28752
28752
28752
28752
28752
28752
28752
28752
28752
28752
28754
28754
28754
28756
28756
28756
28759
28768
28768
28768
28768
28768
28768
28768
28768
28768
28768
28768
28779
28784
28784
28784
28793
28801
28801
28801
28801
28801
28801
28801
28801
28802
28803
28803
28803
28826
28826
28826
28826
28834
28834
28834
28834
28834
28834
28834
28834
28834
28835
28835
28835
28835
28835
28835
28836
28836
28836
28837
28837
28837
28837
28837
28838
28838
28838
28840
28843
28848
28854
28856
28856
28856
28858
28862
28864
28864
28864
28864
28877
28879
28882
28882
28890
28890
28902
28902
28902
28902
28902
28916
28916
28916
28917
28917
28917
28917
28918
28918
28918
28918
28920
28920
28920
28920
28920
28922
28922
28922
28922
28924
28924
28924
28924
28925
28925
28925
28925
28925
28925
28925
28925
28925
28925
28925
28933
28933
28933
28934
28934
28934
28936
28936
28939
28939
28939
28939
28939
28939
28939
28939
28939
28939
28939
28939
28939
28939
28939
28939
28940
28940
28941
28941
28941
28941
28941
28941
28941
28941
28941
28941
28941
28941
28941
28941
28941
28941
28941
28941
28941
28941
28941
28941
28941
28941
28941
28941
28941
28941
28941
28942
28942
28942
28942
28942
28942
28942
28942
28942
28942
28942
28942
28942
28942
28942
28942
28942
28942
28942
28942
28942
28942
28942
28942
28942
28942
28942
28942
28942
28945
28952
28961
28961
28961
28961
28961
28964
28964
28965
28965
28965
28965
28965
28965
28965
28965
28965
28965
28965
28965
28965
28965
28965
28965
28965
28965
28965
28965
28988
28988
28988
28988
28988
28988
28988
28988
28988
28988
28988
28988
28988
28988
28988
28988
28988
28996
28998
28998
28998
28998
28998
28998
28998
28998
28998
28998
28998
29000
29000
29001
29001
29001
29001
29001
29001
29001
29001
29001
29001
29001
29001
29001
29001
29001
29001
29007
29007
29007
29007
29007
29007
29007
29007
29007
29007
29007
29007
29007
29007
29007
29007
29013
29018
29018
29018
29028
29028
29028
29028
29028
29028
29028
29028
29028
29028
29028
29028
29028
29028
29028
29033
29033
29034
29034
29034
29034
29034
29034
29034
29034
29036
29043
29044
29044
29044
29050
29050
29051
29051
29051
29051
29053
29053
29062
29062
29062
29062
29063
29063
29063
29063
29064
29064
29064
29064
29064
29064
29064
29064
29064
29064
29064
29080
29080
29082
29082
29096
29096
29096
29096
29097
29097
29097
29097
29098
29098
29098
29098
29098
29098
29098
29098
29098
29098
29098
29102
29102
29103
29103
29104
29104
29106
29106
29106
29106
29109
29109
29112
29112
29112
29112
29112
29112
29115
29115
29117
29117
29117
29117
29118
29118
29118
29118
29119
29119
29119
29119
29119
29119
29119
29119
29119
29119
29119
29123
29124
29129
29129
29129
29129
29129
29129
29129
29129
29129
29129
29129
29133
29136
29146
29146
29154
29154
29174
29174
29174
29174
29174
29177
29181
29181
29181
29181
29181
29181
29181
29181
29181
29181
29181
29181
29181
29182
29182
29186
29186
29190
29190
29193
29193
29193
29193
29193
29193
29193
29199
29199
29199
29200
29200
29200
29204
29204
29204
29206
29211
29213
29213
29214
29216
29216
29216
29217
29217
29217
29217
29217
29217
29217
29217
29217
29217
29217
29217
29217
29217
29217
29217
29217
29217
29217
29217
29217
29217
29217
29217
29217
29217
29217
29217
29217
29217
29219
29235
29236
29237
29261
29319
29323
29327
29329
29329
29330
29330
29330
29330
29330
29330
29330
29330
29330
29330
29330
29330
29330
29331
29331
29331
29331
29331
29331
29331
29331
29331
29331
29331
29333
29333
29333
29333
29333
29333
29333
29333
29333
29333
29333
29333
29333
29334
29335
29335
29335
29338
29338
29338
29338
29338
29338
29338
29338
29338
29338
29338
29338
29338
29338
29338
29338
29350
29350
29351
29358
29358
29368
29368
29368
29368
29368
29368
29368
29368
29368
29368
29368
29368
29369
29370
29374
29374
29374
29375
29375
29376
29380
29380
29382
29390
29392
29400
29402
29404
29404
29404
29404
29404
29404
29404
29404
29404
29404
29404
29404
29407
29409
29411
29412
29412
29413
29413
29426
29426
29436
29437
29437
29438
29438
29438
29438
29438
29438
29439
29439
29439
29439
29439
29439
29439
29439
29439
29439
29439
29444
29444
29449
29450
29450
29450
29452
29453
29461
29469
29476
29476
29476
29476
29476
29476
29476
29476
29476
29476
29476
29476
29479
29479
29489
29489
29489
29490
29490
29490
29490
29490
29490
29490
29490
29490
29490
29490
29490
29490
29490
29490
29490
29498
29503
29503
29504
29518
29518
29542
29542
29542
29542
29553
29554
29569
29570
29570
29586
29594
29614
29614
29614
29614
29614
29614
29614
29614
29614
29614
29614
29614
29614
29617
29617
29617
29617
29617
29617
29617
29617
29617
29617
29622
29622
29622
29622
29622
29622
29622
29622
29622
29622
29622
29622
29622
29622
29623
29624
29626
29626
29643
29643
29643
29643
29644
29644
29644
29644
29646
29646
29646
29646
29646
29646
29646
29646
29646
29646
29652
29652
29652
29652
29652
29652
29652
29652
29652
29654
29656
29664
29664
29664
29664
29690
29690
29693
29694
29696
29697
29698
29699
29699
29699
29699
29699
29699
29699
29699
29699
29699
29699
29699
29710
29717
29717
29719
29719
29720
29722
29733
29733
29735
29735
29735
29738
29738
29742
29747
29747
29747
29753
29755
29768
29768
29769
29769
29769
29770
29770
29774
29774
29774
29774
29792
29793
29794
29794
29808
29819
29819
29819
29819
29820
29820
29820
29820
29820
29820
29820
29820
29820
29820
29820
29820
29820
29820
29820
29820
29820
29820
29820
29820
29820
29820
29820
29820
29820
29820
29820
29820
29820
29820
29821
29821
29821
29821
29822
29822
29822
29822
29822
29822
29822
29822
29822
29822
29822
29822
29822
29822
29822
29822
29822
29822
29822
29822
29822
29822
29822
29822
29822
29822
29822
29822
29822
29822
29822
29826
29826
29826
29826
29826
29826
29829
29829
29829
29829
29832
29832
29832
29832
29832
29836
29836
29836
29836
29836
29836
29836
29836
29836
29836
29836
29836
29836
29836
29836
29836
29836
29836
29836
29836
29836
29836
29836
29836
29836
29836
29838
29838
29838
29838
29840
29840
29843
29843
29843
29844
29851
29851
29851
29858
29858
29859
29859
29860
29860
29860
29861
29861
29862
29862
29872
29874
29874
29875
29880
29880
29885
29885
29885
29889
29890
29891
29891
29891
29893
29893
29893
29893
29893
29893
29893
29893
29893
29893
29894
29895
29910
29910
29910
29910
29910
29910
29910
29910
29910
29919
29919
29919
29931
29931
29931
29931
29973
29973
29973
29973
29973
29973
29973
29973
29974
29979
29980
29981
29982
29984
29984
30003
30003
30003
30003
30012
30012
30014
30014
30014
30017
30017
30017
30017
30017
30017
30019
30020
30020
30020
30020
30022
30022
30022
30022
30022
30023
30023
30023
30023
30023
30023
30023
30023
30023
30023
30024
30024
30025
30025
30026
30037
30037
30037
30037
30037
30037
30042
30043
30044
30045
30045
30046
30046
30051
30053
30060
30064
30064
30064
30081
30081
30081
30081
30086
30086
30086
30086
30086
30086
30086
30086
30086
30086
30086
30104
30104
30111
30111
30111
30111
30111
30111
30111
30111
30111
30111
30111
30111
30111
30111
30111
30111
30111
30111
30111
30111
30111
30111
30111
30111
30111
30111
30111
30111
30111
30111
30113
30120
30136
30142
30147
30148
30148
30152
30160
30162
30162
30167
30167
30167
30174
30174
30174
30179
30179
30179
30179
30179
30179
30180
30180
30180
30180
30180
30180
30180
30180
30180
30180
30180
30180
30180
30184
30184
30188
30189
30202
30202
30202
30202
30204
30205
30205
30206
30224
30233
30233
30233
30233
30233
30233
30233
30233
30233
30233
30233
30233
30233
30233
30238
30238
30238
30238
30238
30238
30238
30238
30238
30238
30238
30238
30238
30238
30239
30243
30243
30243
30243
30243
30243
30243
30243
30243
30243
30243
30243
30243
30250
30254
30263
30263
30263
30263
30263
30263
30263
30263
30263
30263
30263
30263
30265
30265
30265
30265
30265
30265
30265
30265
30265
30265
30265
30265
30265
30268
30269
30273
30273
30274
30274
30274
30276
30276
30276
30277
30277
30277
30277
30278
30278
30278
30278
30278
30278
30278
30278
30278
30278
30278
30278
30278
30278
30278
30278
30278
30278
30278
30278
30278
30278
30279
30279
30279
30279
30283
30283
30283
30284
30284
30284
30284
30284
30284
30285
30285
30285
30285
30285
30285
30285
30286
30286
30286
30286
30286
30286
30286
30286
30286
30286
30286
30286
30286
30286
30286
30286
30286
30286
30286
30286
30286
30286
30286
30287
30287
30300
30301
30301
30301
30301
30301
30301
30301
30301
30301
30301
30301
30301
30301
30307
30312
30319
30319
30319
30319
30319
30319
30319
30319
30319
30319
30319
30319
30319
30319
30319
30319
30319
30319
30319
30319
30319
30319
30319
30319
30319
30319
30319
30319
30319
30319
30319
30320
30320
30329
30329
30329
30329
30329
30333
30338
30340
30340
30340
30340
30340
30340
30340
30340
30340
30340
30340
30340
30340
30341
30353
30353
30376
30377
30387
30403
30403
30403
30403
30403
30404
30404
30404
30404
30409
30409
30409
30409
30409
30409
30409
30409
30409
30409
30409
30414
30414
30414
30414
30414
30416
30416
30416
30416
30416
30416
30416
30416
30416
30416
30416
30418
30418
30418
30418
30418
30418
30418
30418
30418
30418
30418
30418
30418
30418
30418
30418
30418
30418
30418
30418
30418
30418
30419
30419
30419
30419
30419
30419
30419
30419
30419
30419
30419
30419
30430
30445
30445
30447
30448
30450
30453
30453
30453
30453
30453
30453
30471
30471
30474
30474
30474
30475
30475
30475
30475
30475
30475
30475
30475
30475
30475
30475
30475
30475
30482
30483
30483
30483
30483
30484
30484
30484
30484
30484
30484
30484
30484
30484
30484
30484
30484
30541
30541
30543
30543
30544
30544
30550
30575
30575
30593
30597
30597
30630
30632
30632
30632
30632
30632
30632
30632
30632
30632
30632
30632
30632
30632
30632
30632
30632
30633
30633
30633
30633
30633
30633
30633
30633
30633
30633
30660
30660
30672
30680
30680
30680
30680
30680
30680
30681
30681
30681
30681
30681
30682
30682
30687
30687
30687
30687
30687
30687
30687
30687
30687
30687
30687
30689
30689
30695
30695
30695
30695
30695
30695
30695
30695
30695
30695
30695
30695
30695
30695
30695
30695
30695
30695
30695
30695
30695
30695
30695
30696
30697
30697
30698
30698
30703
30703
30704
30725
30725
30737
30737
30737
30737
30737
30737
30737
30737
30737
30737
30737
30739
30740
30746
30746
30746
30746
30746
30746
30746
30746
30746
30746
30746
30746
30746
30746
30751
30751
30751
30755
30755
30755
30755
30755
30755
30755
30755
30755
30755
30755
30755
30755
30824
30829
30829
30829
30829
30829
30829
30829
30829
30829
30829
30829
30829
30829
30830
30830
30831
30831
30831
30831
30833
30833
30839
30839
30839
30839
30839
30840
30840
30840
30842
30842
30845
30845
30845
30845
30845
30845
30845
30849
30856
30856
30856
30860
30860
30860
30860
30860
30860
30860
30860
30860
30860
30860
30860
30860
30861
30861
30862
30862
30863
30863
30864
30864
30864
30864
30864
30864
30864
30864
30864
30864
30865
30865
30868
30868
30868
30868
30868
30868
30868
30868
30868
30868
30868
30868
30872
30875
30879
30891
30891
30892
30892
30892
30892
30893
30893
30893
30893
30893
30893
30893
30893
30893
30893
30893
30893
30893
30893
30893
30893
30893
30893
30893
30893
30893
30893
30893
30919
30919
30919
30920
30921
30922
30922
30922
30922
30924
30924
30924
30924
30949
30951
30951
30951
30952
30953
30953
30953
30954
30954
30954
30954
30955
30955
30956
30956
30957
30957
30957
30958
30958
30958
30984
30984
30986
30986
30986
30986
30987
30988
31003
31003
31007
31007
31007
31007
31007
31007
31007
31007
31007
31007
31007
31007
31007
31007
31007
31007
31007
31007
31007
31007
31007
31007
31008
31008
31008
31009
31009
31009
31010
31015
31015
31015
31016
31016
31016
31016
31016
31016
31016
31016
31016
31016
31016
31016
31036
31037
31037
31039
31039
31040
31041
31041
31042
31042
31042
31042
31043
31043
31043
31043
31051
31051
31051
31051
31051
31051
31051
31051
31051
31051
31051
31052
31053
31054
31054
31054
31091
31101
31101
31101
31101
31101
31101
31101
31101
31101
31101
31101
31101
31104
31104
31104
31104
31106
31107
31108
31109
31111
31123
31137
31139
31139
31140
31140
31140
31144
31145
31145
31145
31145
31145
31145
31145
31145
31145
31145
31145
31145
31145
31145
31145
31146
31150
31150
31152
31153
31155
31155
31155
31155
31155
31155
31155
31155
31155
31155
31155
31159
31159
31159
31160
31160
31160
31160
31161
31161
31163
31163
31193
31193
31194
31195
31195
31195
31195
31195
31195
31195
31195
31195
31195
31196
31196
31198
31198
31221
31221
31223
31223
31224
31224
31225
31225
31226
31228
31228
31229
31229
31231
31231
31233
31233
31233
31236
31242
31242
31242
31242
31242
31242
31242
31242
31242
31242
31242
31250
31250
31250
31250
31250
31254
31254
31254
31254
31254
31254
31254
31254
31255
31258
31258
31258
31260
31260
31262
31262
31262
31262
31262
31262
31262
31262
31263
31265
31265
31267
31267
31267
31267
31267
31267
31267
31267
31267
31267
31267
31267
31267
31267
31267
31279
31279
31279
31279
31279
31279
31279
31279
31279
31279
31279
31279
31279
31280
31280
31280
31280
31283
31283
31314
31316
31316
31316
31316
31318
31318
31318
31318
31320
31320
31321
31321
31325
31325
31325
31325
31393
31393
31396
31396
31397
31397
31397
31399
31399
31399
31399
31401
31401
31401
31403
31403
31404
31411
31411
31413
31413
31414
31414
31414
31414
31414
31414
31414
31414
31414
31414
31435
31435
31435
31438
31438
31554
31554
31554
31689
31689
31689
31689
31689
31689
31689
31691
31701
31701
31701
31701
31701
31701
31701
31701
31701
31702
31718
31718
31718
31718
31718
31718
31718
31718
31721
31726
31726
31726
31726
31726
31726
31726
31726
31726
31727
31727
31727
31727
31727
31727
31727
31727
31727
31731
31731
31731
31731
31731
31731
31731
31731
31731
31731
31731
31731
31731
31731
31731
31731
31737
31737
31737
31737
31737
31737
31737
31737
31737
31737
31746
31746
31746
31746
31746
31746
31746
31746
31746
31747
31747
31754
31754
31779
31779
31779
31779
31779
31779
31779
31779
31779
31779
31779
31779
31779
31780
31780
31783
31783
31783
31783
31783
31783
31783
31783
31783
31783
31783
31783
31787
31808
31808
31808
31808
31808
31808
31808
31808
31812
31812
31812
31813
31813
31813
31813
31813
31813
31813
31813
31813
31813
31815
31832
31832
31832
31832
31832
31832
31832
31832
31832
31832
31832
31832
31832
31833
31833
31833
31833
31833
31833
31833
31833
31833
31833
31843
31848
31853
31853
31882
31900
31900
31900
31900
31910
32149
32162
32162
32162
32162
32162
32162
32162
32162
32162
32162
32162
32163
32163
32163
32164
32164
32169
32170
32175
32175
32176
32176
32178
32178
32180
32185
32185
32185
32186
32186
32186
32188
32222
32226
32226
32226
32226
32226
32226
32226
32226
32226
32226
32226
32226
32226
32226
32228
32228
32228
32230
32230
32230
32231
32231
32231
32234
32234
32234
32234
32235
32235
32236
32236
32237
32237
32237
32237
32238
32238
32238
32238
32238
32238
32238
32238
32238
32238
32238
32238
32238
32238
32238
32250
32250
32255
32255
32255
32257
32257
32257
32257
32257
32257
32257
32257
32257
32257
32257
32257
32257
32259
32259
32259
32259
32259
32259
32259
32259
32259
32259
32260
32262
32262
32262
32262
32262
32262
32262
32262
32262
32262
32262
32262
32263
32263
32263
32263
32263
32263
32263
32263
32263
32263
32263
32263
32267
32268
32268
32276
32276
32278
32278
32278
32278
32278
32278
32278
32278
32278
32278
32278
32278
32278
32278
32280
32280
32284
32284
32284
32284
32284
32284
32284
32284
32284
32284
32284
32284
32285
32285
32285
32285
32285
32285
32285
32285
32285
32285
32289
32289
32290
32291
32291
32297
32297
32299
32300
32300
32300
32300
32307
32308
32309
32309
32309
32309
32309
32311
32323
32352
32357
32357
32358
32358
32358
32358
32358
32358
32358
32358
32358
32361
32373
32374
32377
32377
32398
32398
32400
32400
32409
32409
32414
32414
32414
32414
32414
32414
32414
32414
32417
32417
32421
32421
32421
32421
32421
32421
32421
32421
32421
32421
32421
32422
32422
32424
32424
32424
32424
32424
32424
32424
32426
32426
32426
32426
32426
32426
32426
32429
32438
32438
32438
32438
32438
32438
32438
32438
32438
32438
32447
32447
32471
32475
32475
32479
32481
32481
32482
32482
32484
32485
32485
32485
32486
32486
32486
32487
32487
32488
32488
32488
32488
32488
32490
32490
32491
32491
32492
32495
32495
32496
32499
32500
32500
32501
32501
32501
32501
32502
32502
32503
32507
32507
32507
32507
32509
32509
32509
32509
32509
32517
32534
32534
32572
32572
32572
32572
32582
32582
32630
32666
32668
32668
32668
32668
32669
32669
32669
32669
32669
32669
32669
32710
32710
32710
32710
32710
32710
32710
32710
32710
32710
32710
32710
32711
32711
32711
32711
32711
32711
32711
32711
32711
32711
32711
32711
32722
32724
32734
32735
32736
32739
32741
32769
32800
32800
32800
32800
32800
32800
32800
32800
32800
32800
32800
32800
32800
33016
33017
33236
33236
33236
33237
33285
33285
33303
33303
33306
33306
33354
33354
33354
33355
33355
33355
33355
33355
33355
33382
33382
33383
33383
33384
33384
33422
33422
33422
33422
33422
33422
33422
33422
33422
33422
33422
33429
33429
33430
33430
33430
33431
33448
33448
33525
33525
33525
33525
33525
33526
33526
33527
33527
33528
33528
33537
33537
33550
33558
33558
33559
33559
33561
33561
33562
33562
33564
33564
33589
33589
33589
33589
33687
33687
33695
33695
33699
33699
33699
33704
33707
33707
33722
33722
33722
33738
33738
33739
33739
33740
33740
33743
33743
33744
33744
33745
33745
33746
33746
33747
33747
33748
33748
33749
33749
33768
33768
33772
33772
33772
33776
33785
33785
33788
33788
33788
33788
33788
33788
33788
33788
33788
33788
33788
33788
33788
33788
33788
33818
33818
33818
33819
33819
33819
33819
33820
33820
33820
33822
33822
33822
33823
33823
33824
33836
33838
33838
33854
33854
33854
33854
33854
33854
33854
33854
34069
34069
34085
34085
34085
34086
34086
34102
34102
34102
34102
34102
34102
34102
34102
34102
34102
34102
34127
34127
34127
34127
34133
34133
34134
34134
34134
34134
34135
34135
34135
34137
34164
34164
34179
34183
34183
34190
34190
34190
34192
34193
34194
34196
34196
34196
34197
34197
34197
34197
34198
34198
34198
34198
34198
34198
34199
34199
34234
34234
34234
34244
34267
34267
34271
34271
34273
34273
34273
34300
34300
34300
34300
34300
34300
34300
34430
34692
34693
34695
34696
34734
34734
34808
34808
34808
34808
34808
34808
34808
34808
34808
34808
34808
34808
34830
34830
34838
34839
34839
34850
34851
34851
34851
34851
34851
34851
34851
34851
34851
34851
34851
34851
34851
34851
34851
34851
34851
34851
34851
34851
34851
34851
34851
34851
34851
34851
34865
34876
34877
34877
34878
34878
34878
34878
34878
34878
34878
34878
34878
34878
34878
34878
34878
34884
34907
34907
34907
34907
34907
34907
34907
34907
34920
34920
34920
34920
34920
34920
34920
34920
34920
34920
34920
34920
34920
34925
34947
34947
34947
34947
34958
34965
34965
34965
34965
34965
34965
34965
34965
34965
34965
34965
34965
34965
34980
34980
35012
35012
35012
35012
35012
35070
35070
35070
35070
35070
35070
35070
35070
35070
35070
35072
35090
35090
35090
35090
35090
35090
35090
35090
35090
35090
35098
35098
35098
35098
35098
35098
35098
35098
35098
35098
35102
35102
35102
35102
35102
35102
35102
35102
35102
35102
35117
35118
35127
35127
35167
35189
35200
35229
35234
35234
35234
35234
35234
35234
35234
35304
35463
35463
35463
35545
35545
35545
35545
35545
35545
35590
35590
35590
35590
35613
35627
36120
36557
36557
36558
36558
36561
36561
36561
36723
36723
36764
36764
36764
36765
36765
36765
36766
36766
36766
36767
36767
36767
36767
36767
36767
36767
36767
36767
36767
36767
36770
36770
36770
36771
36771
36771
36772
36772
36772
36773
36773
36773
36773
36773
36773
36773
36773
36773
36773
36773
36774
36774
36774
36774
36774
36774
36776
36776
36776
36776
36776
36776
36788
36788
36788
36788
36788
36788
36788
36788
36788
36788
36788
36788
36788
36788
36788
36788
36788
36788
36788
36788
36788
36788
36830
36830
36830
36830
36830
36840
36840
36841
36841
36841
36842
36842
36842
36842
36842
36842
36842
36842
36842
36842
36842
36842
36842
36842
36842
36842
36842
36842
36842
36842
36842
36842
36874
36879
36879
36879
36879
36886
36886
36892
36892
36892
36892
36892
36892
36892
36892
36892
36892
36892
36892
36892
36892
36892
36892
36892
36892
36892
36892
36892
36893
36893
36893
36893
36893
36893
36893
36893
36893
36893
36893
36893
36893
36893
36893
36893
36893
36893
36893
36893
36893
36893
36893
36896
36896
36896
36940
36941
36941
36941
36941
36941
36941
36941
36941
36941
36941
36941
36941
36941
36941
36941
36941
36941
36941
36941
36941
36941
36941
36941
36941
36942
36942
36943
36943
36943
37011
37011
37068
37068
37068
37068
37069
37107
37107
37107
37107
37158
37158
37158
37158
37214
37214
37214
37214
37214
37214
37214
37214
37214
37214
37214
37214
37539
37541
37572
37572
37572
37575
37575
37575
37576
37576
37576
37576
37576
37576
37576
37576
37576
37576
37576
37576
37577
37577
37577
37578
37578
37578
37579
37579
37579
37579
37579
37579
37579
37579
37579
37579
37579
37579
37580
37580
37580
37581
37581
37581
37582
37582
37582
37582
37582
37582
37582
37582
37582
37582
37583
37583
37583
37583
37583
37583
37583
37583
37670
37711
37712
37712
37712
37712
37712
37712
37712
37712
37712
37712
37712
37712
37712
37712
37712
37712
37712
37712
37712
37712
37712
37712
37712
37712
37712
37713
37713
37728
37728
37774
37774
37774
37774
37774
37774
37774
37774
37774
37774
37779
37779
37779
37779
37779
37779
37779
37779
37881
38017
38017
38017
38017
38017
38017
38032
38032
38032
38032
38032
38032
38032
38032
38032
38032
38032
38032
38032
38046
38046
38046
38201
38201
38201
38201
38453
38487
38487
38487
38505
38505
38505
38505
38505
38896
38913
38915
38926
38926
38926
38926
38926
38926
38926
38926
38926
38926
38926
38926
38926
38926
38926
38926
38951
38951
38951
38952
38952
38952
38952
38952
38952
38952
38952
38952
38952
38952
38952
39077
39077
39077
39348
39366
39366
39366
39369
39369
39369
39369
39370
39370
39370
39373
39378
39378
39378
39381
39390
39392
39392
39392
39405
39414
39415
39415
39425
39425
39425
39428
39428
39436
39437
39437
39437
39437
39437
39437
39437
39437
39437
39437
39437
39437
39437
39437
39437
39440
39440
39440
39444
39445
39445
39446
39450
39587
39587
39587
39616
39616
39625
39625
39625
39625
39626
39626
39637
39637
39637
39637
39637
39637
39637
39637
39637
39637
39637
39637
39637
39642
39642
39643
39643
39643
39643
39643
39643
39643
39643
39643
39643
39643
39643
39643
39643
39643
39646
39646
39646
39665
39665
39665
39665
39665
39665
39679
39679
39679
39679
39679
39679
39698
39698
39698
39700
39700
39700
39700
39700
39700
39705
39705
39705
39708
39708
39722
39724
39724
39726
39731
39731
39731
39732
39732
39732
39749
39749
39756
39756
39756
39756
39756
39756
39756
39756
39756
39756
39756
39756
39756
39756
39756
39756
39788
39788
39788
39788
39788
39788
39795
39800
39800
39801
39801
39803
39828
39843
39843
39843
39843
39843
39843
39843
39843
39843
39843
39843
39843
39843
39843
39843
39844
39844
39846
39846
39846
39846
39846
39846
39846
39846
39846
39846
39846
39854
39854
39855
39855
39855
39869
39869
39869
39869
39869
39869
39869
39869
39869
39869
39869
39869
39870
39870
39870
39873
39890
39890
39890
39892
39909
39909
39925
39925
39925
39925
39925
39925
39925
39925
39925
39925
39925
39925
39926
39926
39926
39931
39931
39931
39931
39939
39954
39956
39961
39962
39962
39974
39974
39974
39974
39974
39974
39974
39974
39974
39974
39974
39974
39974
39974
39974
39974
39978
39978
39978
39978
39980
39980
39980
39980
39982
39982
39982
39984
39984
39985
39985
39987
39987
39987
39987
39990
39990
39990
39990
39990
39990
39990
39990
39990
39994
39994
40004
40008
40008
40011
40011
40013
40013
40015
40015
40017
40017
40017
40019
40019
40021
40021
40023
40023
40033
40066
40066
40084
40107
40107
40147
40148
40150
40167
40167
40170
40176
40177
40177
40177
40177
40177
40177
40184
40185
40185
40185
40185
40185
40185
40185
40185
40185
40185
40185
40185
40185
40185
40185
40185
40188
40188
40204
40204
40204
40204
40204
40204
40229
40251
40252
40256
40257
40268
40268
40268
40269
40270
40270
40270
40272
40272
40273
40273
40278
40278
40278
40278
40278
40278
40278
40278
40278
40278
40278
40278
40290
40290
40291
40291
40291
40306
40306
40310
40310
40311
40311
40319
40319
40320
40320
40329
40333
40336
40336
40336
40352
40363
40363
40373
40373
40373
40373
40403
40416
40416
40416
40416
40416
40416
40416
40416
40427
40447
40448
40450
40463
40463
40463
40464
40484
40484
40484
40484
40536
40550
40550
40561
40562
40562
40562
40562
40562
40562
40562
40562
40562
40562
40562
40562
40562
40562
40562
40562
40563
40563
40573
40573
40573
40573
40573
40573
40573
40573
40573
40573
40577
40584
40584
40585
40586
40586
40586
40586
40600
40600
40600
40620
40633
40633
40634
40634
40668
40669
40709
40709
40713
40715
40715
40715
40716
40755
40765
40765
40765
40765
40767
40767
40787
40788
40788
40788
40788
40793
40808
40814
40817
40825
40825
40825
40825
40833
40833
40833
40833
40833
40833
40833
40833
40833
40833
40833
40833
40838
40843
40843
40843
40843
40843
40843
40843
40843
40843
40843
40843
40843
40844
40844
40857
40882
40882
40882
40882
40882
40882
40882
40882
40882
40882
40882
40882
40882
40882
40882
40882
40923
40925
40935
40935
40936
40936
40953
40953
40956
40956
40956
40956
40956
40956
40956
40956
40956
40956
40956
40956
40998
41008
41008
41008
41008
41008
41008
41008
41008
41008
41008
41008
41008
41008
41008
41027
41027
41027
41027
41027
41027
41027
41027
41027
41027
41027
41027
41027
41027
41027
41028
41029
41029
41030
41030
41030
41030
41030
41030
41030
41030
41030
41030
41030
41031
41073
41073
41084
41084
41084
41095
41095
41096
41096
41096
41139
41139
41139
41148
41208
41208
41226
41287
41287
41287
41287
41287
41287
41287
41287
41287
41287
41287
41287
41287
41287
41364
41364
41364
41371
41371
41396
41396
41396
41396
41396
41396
41396
41396
41396
41396
41396
41500
41500
41500
41500
41500
41500
41500
41500
41500
41500
41500
41500
41500
41500
41500
41502
41502
41502
41502
41502
41502
41502
41502
41502
41502
41502
41563
41563
41563
41563
41563
41563
41563
41563
41563
41563
41563
41565
41614
42188
42188
42188
42188
42188
42218
42218
42218
42218
42218
42218
42218
42218
42218
42291
42291
42333
42333
42333
42333
42556
42657
42658
42659
42660
42663
42664
42691
42691
42692
42692
42696
42696
42698
42722
42789
42789
42808
42810
42845
42850
42940
42940
42940
42940
42940
43014
43045
43094
43099
43110
43110
43110
43110
43110
43214
43214
43358
43358
43358
43391
43406
43427
43427
43427
43427
43427
43427
43427
43427
43427
43427
43427
43430
43430
43438
43537
43537
43537
43537
43612
43612
43612
43612
43612
43612
43614
43614
43614
43614
43622
43622
43622
43622
43622
43622
43622
43622
43622
43658
43873
43873
43875
43875
43875
43878
43927
43927
43927
43934
44045
44045
44045
44045
44260
44261
44404
44404
44577
44577
44641
44645
44648
44650
44652
44652
44704
44715
44715
44752
44797
44819
44819
44819
44819
44819
44819
44843
44896
44896
44897
44898
44898
44922
44922
44924
44924
44926
44926
44926
44932
44932
44932
44976
44976
44977
44977
44980
44980
44980
44981
44981
44982
44982
44982
45062
45062
45062
45063
45096
45096
45096
45097
45097
45122
45190
45190
45202
45204
45204
45205
45205
45205
45205
45205
45205
45205
45205
45205
45205
45205
45205
45205
45259
45259
45261
45261
45261
45264
45264
45264
45264
45264
45264
45264
45264
45264
45264
45264
45264
45264
45264
45264
45265
45265
45265
45266
45266
45266
45267
45268
45268
45269
45269
45321
45321
45321
45375
45378
45379
45467
45477
45477
45477
45481
45481
45481
45499
45676
45676
45687
45699
45699
45699
45700
45700
45700
45700
45700
45700
45700
45700
45700
45700
45700
45700
45700
45700
45700
45704
45765
45772
45772
45772
45772
45772
45772
45772
45772
45772
45772
45772
45772
45799
45799
45799
45799
45799
45799
45799
45799
45859
45912
45912
45912
45915
45915
45917
45917
45919
45919
45919
45922
45922
45924
45924
45924
45926
45926
45928
45928
45928
45930
45930
45932
45935
45935
45935
45949
45949
45949
45949
45949
45949
45949
45949
45949
46041
46042
46068
46068
46068
46068
46068
46068
46068
46068
46068
46126
46126
46126
46127
46127
46128
46128
46129
46134
46134
46134
46134
46134
46134
46134
46134
46134
46134
46134
46134
46136
46136
46248
46249
46249
46250
46250
46250
46250
46250
46250
46250
46250
46250
46250
46250
46250
46250
46251
46251
46252
46252
46252
46252
46252
46252
46252
46252
46252
46252
46252
46252
46252
46252
46252
46252
46254
46254
46254
46254
46254
46254
46260
46260
46261
46261
46261
46262
46263
46264
46264
46264
46264
46264
46268
46277
46277
46277
46375
46375
46379
46379
46379
46381
46381
46383
46383
46383
46383
46383
46383
46383
46383
46402
46402
46402
46402
46402
46402
46402
46402
46402
46402
46402
46402
46424
46424
46424
46424
46424
46424
46424
46424
46424
46424
46425
46425
46590
46590
46591
46591
46617
46623
46623
46646
46646
46646
46647
46656
46656
46656
46842
46890
46911
46925
46925
46925
46952
46952
46952
46952
46952
46952
46952
46952
46952
46952
46952
46952
46952
46952
46952
46952
46952
46952
46952
46952
46952
46952
46952
46952
46952
46952
46952
46952
46952
46952
46979
46979
46979
46979
46979
46979
46979
46979
46979
46979
46979
46979
46979
46991
46991
46993
46993
46993
46993
46993
46993
46993
46993
46993
46993
46993
46993
46993
47032
47032
47032
47067
47067
47067
47067
47067
47067
47067
47067
47067
47067
47067
47067
47067
47067
47081
47081
47081
47086
47086
47087
47087
47087
47087
47120
47120
47120
47120
47150
47150
47150
47151
47151
47151
47152
47152
47152
47152
47152
47152
47152
47152
47152
47152
47152
47152
47152
47152
47152
47152
47152
47152
47152
47152
47152
47152
47152
47152
47152
47152
47152
47152
47152
47152
47161
47190
47190
47202
47220
47220
47227
47227
47238
47265
47283
47291
47292
47385
47403
47403
47403
47403
47403
47404
47404
47404
47404
47404
47567
47567
47567
47567
47567
47675
47690
47699
47699
47699
47699
47699
47699
47699
47699
47699
47699
47699
47699
47722
47722
47726
47726
47727
47729
47729
47730
47730
47730
47730
47730
47730
47730
47730
47730
47730
47730
47730
47730
47730
47730
47738
47738
47741
47741
47742
47742
47742
47749
47753
47753
47753
47753
47753
47753
47753
47753
47753
47753
47753
47753
47755
47760
47760
47762
47762
47762
47762
47762
47762
47762
47762
47762
47762
47762
47762
47762
47762
47762
47762
47801
47801
47803
47803
47810
47901
47901
47974
47974
47974
47974
47974
47974
47974
47974
47974
47974
47974
47974
47978
47980
47980
47981
47981
47982
47982
48012
48012
48012
48012
48012
48012
48012
48012
48012
48012
48012
48012
48040
48040
48041
48041
48041
48041
48041
48041
48041
48041
48041
48041
48041
48041
48041
48043
48043
48043
48043
48043
48043
48043
48043
48043
48043
48043
48043
48047
48048
48049
48050
48119
48139
48139
48139
48140
48140
48141
48141
48143
48143
48143
48143
48201
48201
48204
48204
48205
48205
48229
48229
48230
48230
48230
48230
48262
48262
48262
48262
48262
48262
48278
48278
48278
48278
48278
48278
48278
48278
48278
48278
48278
48278
48278
48278
48278
48278
48278
48278
48278
48278
48278
48278
48278
48278
48279
48279
48279
48279
48284
48284
48284
48284
48415
48417
48417
48417
48417
48417
48417
48417
48417
48417
48417
48417
48417
48417
48417
48417
48417
48417
48417
48417
48417
48417
48417
48417
48417
48417
48417
48417
48417
48417
48417
48417
48418
48418
48418
48418
48418
48418
48418
48418
48418
48418
48418
48418
48418
48418
48418
48418
48418
48418
48418
48418
48418
48418
48418
48418
48418
48418
48418
48418
48418
48419
48419
48419
48420
48420
48428
48428
48428
48428
48436
48440
48440
48440
48440
48440
48440
48440
48440
48440
48440
48440
48440
48440
48440
48440
48440
48440
48440
48440
48440
48440
48440
48440
48440
48441
48441
48441
48441
48441
48441
48441
48441
48441
48441
48441
48441
48441
48441
48441
48441
48441
48441
48441
48441
48441
48441
48441
48441
48442
48442
48442
48442
48442
48442
48442
48442
48442
48442
48442
48442
48442
48442
48442
48442
48442
48442
48442
48442
48442
48442
48442
48442
48443
48443
48443
48443
48443
48443
48443
48443
48443
48443
48443
48443
48443
48444
48444
48444
48444
48445
48445
48445
48445
48447
48447
48447
48447
48448
48448
48448
48448
48449
48449
48449
48449
48450
48450
48450
48450
48451
48451
48451
48451
48496
48502
48502
48502
48502
48502
48505
48505
48505
48505
48505
48505
48505
48505
48505
48505
48514
48514
48514
48514
48514
48514
48514
48514
48514
48514
48514
48514
48518
48521
48521
48521
48521
48521
48521
48521
48521
48521
48521
48521
48521
48521
48521
48521
48521
48521
48521
48521
48521
48521
48521
48521
48521
48521
48521
48521
48521
48521
48522
48522
48548
48625
48625
48625
48625
48625
48625
48625
48625
48625
48625
48625
48625
48625
48625
48625
48625
48626
48627
48627
48631
48631
48631
48631
48631
48631
48631
48631
48631
48631
48631
48631
48631
48668
48668
48668
48668
48668
48668
48668
48668
48668
48668
48668
48668
48668
48725
48725
48844
48844
48844
48873
48874
48874
48874
48874
48874
48874
48874
48874
48874
48874
48874
48874
48874
48883
48883
48883
48883
48883
48883
48883
48883
48883
48883
48883
48883
48883
48906
49045
49045
49045
49045
49148
49148
49148
49253
49253
49253
49253
49253
49253
49253
49253
49253
49253
49253
49253
49255
49255
49255
49255
49255
49255
49255
49255
49255
49255
49255
49255
49653
49653
49653
49660
49660
49661
49661
49662
49662
49663
49664
49664
49665
49667
49667
49813
49813
49813
49817
49817
49817
49821
49821
49821
49821
49821
49821
49825
49825
49826
49826
49826
49826
49843
49850
49850
49850
49852
49852
49852
49852
49852
49854
49854
49854
49854
49854
49854
49854
49854
49854
49854
49854
49854
49854
49854
49854
49854
49874
49950
49954
50053
50053
50055
50056
50056
50056
50057
50057
50057
50058
50063
50063
50063
50063
50064
50064
50064
50083
50083
50083
50083
50083
50083
50083
50083
50083
50083
50083
50083
50083
50083
50085
50085
50085
50086
50086
50086
50089
50089
50148
50150
50153
50154
50154
50154
50154
50160
50163
50284
50284
50284
50284
50284
50409
51217
51217
51329
51329
51401
51401
51401
51401
51402
51402
51402
51402
51403
51403
51403
51403
51404
51404
51404
51404
51439
51451
51451
51519
51519
51519
51519
51519
51519
51519
51519
51613
51613
51613
51613
51613
51613
51613
51613
51613
51671
51672
51673
51674
51674
51675
51675
51712
51712
51713
51753
51753
51759
51759
51760
51776
51776
51776
51776
51776
51776
51776
51776
51776
51776
51776
51776
51776
51888
51888
51888
51888
51888
51888
51888
51888
52019
58040
58040
58040
58040
58040
58040
58040
58040
58040
58040
58040
58040
58040
58040
58040
58040
58040
58040
58040
58040
58040
58040
58040
58040
58040
184661
192651
192653
192706
192707
192708
192709
192710
192711
192713
192865
192866
192867
192868
192869
192871
192872
192874
192880
192881
192882
192883
192886
192887
192889
192890
192891
192905
338900
338900
338900
338900
338900
338900
338900
338900
338900
338900
338900
338900
338900
338900
338900
338900
338900
338900
338900
338900
338900
338900
338900
338900
338900
338900
338900
338900
354630
438730
438730
503690
617200
617200
617200
617200
617200
617700
617700
617700
617700
617700
1620600
1620600
1620600
1620600
1620600
1620600
1620800
1620800
1620800
1620800
1620800
1620800
1620900
1620900
1620900
1620900
1620900
1620900
1651800
1651800
1651800
1651800
1651800
1651800
1651800
1651800
1651800
2056100
2056100
2056100
2111700
2111700
2111700
2111700
2111701
2111701
2111701
2111701
2117300
2117300
2117300
2117300
2117300
2117300
2117300
2117300
2117300
2117301
2117301
2117301
2117301
2117301
2117301
2117301
2117301
2117301
2117302
2117302
2117302
2117302
2117302
2117302
2117302
2117302
2117302
2117303
2117303
2117303
2117303
2117303
2117303
2117303
2117303
2117303
2367800
2367800
2383200
2383200
2383700
2383700
2383700
2385900
2385900
2385900
2386100
2386100
2397500
2397500
2397500
2397500
2397501
2397501
2397501
2397501
2397502
2397502
2397502
2397502
2397502
2397503
2397503
2397503
2452800
2452800
2452800
2452800
2452800
2452800
2453200
2453200
2453200
2453200
2453200
2453200
2453400
2453400
2453400
2453400
2453400
2453400
2453400
2453400
2453400
2453400
2453400
2453400
2453400
2453400
2453400
2523400
2523400
2523401
2523401
2523401
2523402
2523402
2523402
2523402
2523900
2523900
2523900
2523901
2523901
2523901
2523901
2523901
2532100
2532100
2532100
2532100
2532200
2532200
2532200
2532200
2539200
2539200
2576600
2576600
2576600
2607300
2607300
2607300
2607300
2607300
2607300
2607300
2731600
2731600
2731600
2731600
2731600
2731600
2731600
2731600
2731600
2731600
2731600
2731600
2731600
2731600
2731600
2731600
2731600
2731600
2731600
2731600
2731600
2731600
2731600
2731600
2731600
2731600
2731600
2731600
2731600
2731600
2731600
2731600
2731600
2731600
2731600
2731600
2731600
2731600
2731600
2784201
2784201
2784201
2784201
2784202
2784202
2784202
2784202
2784202
2799000
2799000
2799000
2799000
2799000
2799000
2799000
2799000
2799000
2799000
2799000
2799000
2799000
2799000
2799000
2799000
2799000
2799000
2799000
2799000
2799000
2799001
2799001
2799001
2799001
2799001
2799001
2799001
2799001
2799001
2799001
2799001
2799001
2799001
2799001
2799001
2799001
2799001
2799001
2799001
2799001
2799001
3022400
3022400
3022400
3027400
3027400
3027400
3027400
3027400
3037700
3037700
3037700
3037700
3037700
3037700
3037700
3037700
3037700
3037700
3037700
3037700
3037700
3037700
3330300
3330300
3330300
3330300
3330300
3330300
3358900
3358900
3358900
3358900
3358900
3378800
3378800
3378800
3378800
3385400
3385400
3801700
3801700
3801701
3801701
4018400
4018400
4018400
4018400
4032900
4032900
4032900
4032900
4032900
4032900
4032900
4032900
4032900
4032900
4032900
4032900
4035200
4035200
4035200
4035200
4035200
4035200
4035200
4035200
4035200
4035200
4035200
4035200
4035200
4035200
4035200
4035200
4035200
4035200
4035200
4035200
4035200
4035200
4035200
4035200
4035200
4035200
4035200
4035200
4035200
4035200
4035200
4035200
4035200
4035200
4035200
4035200
4035200
4035200
4035200
4035200
4035200
4035200
4035200
4035200
4035200
4035200
4035200
4035200
4035200
4035200
4035200
4035200
4035200
4035200
4041600
4041600
4041600
4041600
4041600
